,0
0,0.7086614173228346
1,0.8031496062992126
2,0.7874015748031497
3,0.7322834645669292
4,0.7874015748031497
5,0.7637795275590551
6,0.7952755905511811
7,0.7244094488188977
8,0.7480314960629921
9,0.8110236220472441
10,0.7716535433070866
11,0.6929133858267716
12,0.6771653543307087
13,0.7086614173228346
14,0.7007874015748031
15,0.7244094488188977
16,0.7322834645669292
17,0.6535433070866141
18,0.6850393700787402
19,0.7165354330708661
20,0.7480314960629921
21,0.6614173228346457
22,0.7244094488188977
23,0.7322834645669292
24,0.6614173228346457
25,0.7637795275590551
26,0.6771653543307087
27,0.7401574803149606
28,0.7165354330708661
29,0.7874015748031497
30,0.7244094488188977
31,0.7244094488188977
32,0.7165354330708661
33,0.7401574803149606
34,0.6850393700787402
35,0.6850393700787402
36,0.6929133858267716
37,0.7559055118110236
38,0.6850393700787402
39,0.6929133858267716
40,0.7322834645669292
41,0.7244094488188977
42,0.6456692913385826
43,0.7559055118110236
44,0.6771653543307087
45,0.6692913385826772
46,0.7401574803149606
47,0.7637795275590551
48,0.6850393700787402
49,0.6850393700787402
50,0.7165354330708661
51,0.7480314960629921
52,0.7480314960629921
53,0.6692913385826772
54,0.6850393700787402
55,0.7480314960629921
56,0.7322834645669292
57,0.7007874015748031
58,0.7559055118110236
59,0.7322834645669292
60,0.7559055118110236
61,0.7401574803149606
62,0.7086614173228346
63,0.7559055118110236
64,0.7480314960629921
65,0.6929133858267716
66,0.7952755905511811
67,0.6771653543307087
68,0.7007874015748031
69,0.7244094488188977
70,0.7007874015748031
71,0.7874015748031497
72,0.7244094488188977
73,0.7480314960629921
74,0.7637795275590551
75,0.7952755905511811
76,0.7795275590551181
77,0.7637795275590551
78,0.7244094488188977
79,0.7322834645669292
80,0.7559055118110236
81,0.7795275590551181
82,0.7952755905511811
83,0.7480314960629921
84,0.6850393700787402
85,0.7086614173228346
86,0.7559055118110236
87,0.7401574803149606
88,0.7559055118110236
89,0.7322834645669292
90,0.7401574803149606
91,0.7322834645669292
92,0.6929133858267716
93,0.7637795275590551
94,0.7165354330708661
95,0.6535433070866141
96,0.7874015748031497
97,0.6771653543307087
98,0.8267716535433071
99,0.7244094488188977
100,0.7795275590551181
101,0.7086614173228346
102,0.7716535433070866
103,0.7795275590551181
104,0.7795275590551181
105,0.7007874015748031
106,0.7637795275590551
107,0.7559055118110236
108,0.7952755905511811
109,0.7637795275590551
110,0.8267716535433071
111,0.7322834645669292
112,0.6535433070866141
113,0.7007874015748031
114,0.6771653543307087
115,0.7480314960629921
116,0.7874015748031497
117,0.6929133858267716
118,0.7086614173228346
119,0.6929133858267716
120,0.6850393700787402
121,0.6771653543307087
122,0.7401574803149606
123,0.7165354330708661
124,0.7480314960629921
125,0.7874015748031497
126,0.7007874015748031
127,0.7480314960629921
128,0.7322834645669292
129,0.7716535433070866
130,0.7637795275590551
131,0.7086614173228346
132,0.7165354330708661
133,0.7086614173228346
134,0.7007874015748031
135,0.7086614173228346
136,0.7165354330708661
137,0.7401574803149606
138,0.7322834645669292
139,0.7480314960629921
140,0.7637795275590551
141,0.7244094488188977
142,0.7244094488188977
143,0.7480314960629921
144,0.7952755905511811
145,0.6929133858267716
146,0.7795275590551181
147,0.7952755905511811
148,0.7244094488188977
149,0.7007874015748031
150,0.7086614173228346
151,0.7165354330708661
152,0.7244094488188977
153,0.7086614173228346
154,0.7165354330708661
155,0.7086614173228346
156,0.6929133858267716
157,0.7401574803149606
158,0.7637795275590551
159,0.7322834645669292
160,0.7795275590551181
161,0.7007874015748031
162,0.6299212598425197
163,0.7322834645669292
164,0.7637795275590551
165,0.7086614173228346
166,0.7244094488188977
167,0.7480314960629921
168,0.7637795275590551
169,0.7322834645669292
170,0.7244094488188977
171,0.7244094488188977
172,0.7007874015748031
173,0.6771653543307087
174,0.7480314960629921
175,0.7637795275590551
176,0.6929133858267716
177,0.7401574803149606
178,0.6850393700787402
179,0.7559055118110236
180,0.7165354330708661
181,0.7007874015748031
182,0.7165354330708661
183,0.6929133858267716
184,0.7795275590551181
185,0.7322834645669292
186,0.7322834645669292
187,0.6377952755905512
188,0.7559055118110236
189,0.7322834645669292
190,0.7086614173228346
191,0.7086614173228346
192,0.6850393700787402
193,0.6850393700787402
194,0.7401574803149606
195,0.7086614173228346
196,0.7952755905511811
197,0.7480314960629921
198,0.7244094488188977
199,0.7480314960629921
200,0.7322834645669292
201,0.7007874015748031
202,0.7559055118110236
203,0.7716535433070866
204,0.7244094488188977
205,0.8031496062992126
206,0.6850393700787402
207,0.7716535433070866
208,0.7007874015748031
209,0.7086614173228346
210,0.6929133858267716
211,0.7716535433070866
212,0.5984251968503937
213,0.7874015748031497
214,0.6929133858267716
215,0.7480314960629921
216,0.7559055118110236
217,0.7244094488188977
218,0.7952755905511811
219,0.7795275590551181
220,0.6929133858267716
221,0.7795275590551181
222,0.7637795275590551
223,0.7322834645669292
224,0.7322834645669292
225,0.6929133858267716
226,0.6535433070866141
227,0.7795275590551181
228,0.7086614173228346
229,0.7322834645669292
230,0.7952755905511811
231,0.7322834645669292
232,0.6692913385826772
233,0.7244094488188977
234,0.6929133858267716
235,0.7165354330708661
236,0.7165354330708661
237,0.6692913385826772
238,0.7007874015748031
239,0.7952755905511811
240,0.7086614173228346
241,0.7874015748031497
242,0.6771653543307087
243,0.7244094488188977
244,0.7559055118110236
245,0.7795275590551181
246,0.6850393700787402
247,0.6692913385826772
248,0.7401574803149606
249,0.7480314960629921
250,0.6692913385826772
251,0.7401574803149606
252,0.7086614173228346
253,0.7165354330708661
254,0.8110236220472441
255,0.7716535433070866
256,0.7559055118110236
257,0.7874015748031497
258,0.7952755905511811
259,0.7559055118110236
260,0.7007874015748031
261,0.7401574803149606
262,0.7795275590551181
263,0.6771653543307087
264,0.6771653543307087
265,0.7952755905511811
266,0.8661417322834646
267,0.7637795275590551
268,0.7244094488188977
269,0.7874015748031497
270,0.8346456692913385
271,0.7086614173228346
272,0.7480314960629921
273,0.7401574803149606
274,0.7165354330708661
275,0.7007874015748031
276,0.7716535433070866
277,0.7480314960629921
278,0.6929133858267716
279,0.7244094488188977
280,0.7007874015748031
281,0.6929133858267716
282,0.6929133858267716
283,0.7086614173228346
284,0.7244094488188977
285,0.7559055118110236
286,0.7559055118110236
287,0.7244094488188977
288,0.7322834645669292
289,0.7401574803149606
290,0.7559055118110236
291,0.6456692913385826
292,0.7322834645669292
293,0.6850393700787402
294,0.7952755905511811
295,0.7952755905511811
296,0.7244094488188977
297,0.7480314960629921
298,0.7401574803149606
299,0.7165354330708661
300,0.7952755905511811
301,0.6850393700787402
302,0.6692913385826772
303,0.7716535433070866
304,0.7244094488188977
305,0.7401574803149606
306,0.8031496062992126
307,0.7086614173228346
308,0.7716535433070866
309,0.6850393700787402
310,0.7401574803149606
311,0.7322834645669292
312,0.7165354330708661
313,0.6299212598425197
314,0.7401574803149606
315,0.6614173228346457
316,0.7559055118110236
317,0.7086614173228346
318,0.7401574803149606
319,0.7401574803149606
320,0.7480314960629921
321,0.7165354330708661
322,0.7637795275590551
323,0.7165354330708661
324,0.6929133858267716
325,0.7952755905511811
326,0.7874015748031497
327,0.6535433070866141
328,0.7401574803149606
329,0.7165354330708661
330,0.6141732283464567
331,0.8188976377952756
332,0.7716535433070866
333,0.7637795275590551
334,0.7480314960629921
335,0.6850393700787402
336,0.7322834645669292
337,0.7480314960629921
338,0.6535433070866141
339,0.7322834645669292
340,0.6850393700787402
341,0.7086614173228346
342,0.6771653543307087
343,0.7244094488188977
344,0.7007874015748031
345,0.7086614173228346
346,0.7007874015748031
347,0.7322834645669292
348,0.8031496062992126
349,0.6771653543307087
350,0.7165354330708661
351,0.6771653543307087
352,0.7244094488188977
353,0.7322834645669292
354,0.7322834645669292
355,0.7244094488188977
356,0.6614173228346457
357,0.7952755905511811
358,0.7559055118110236
359,0.7401574803149606
360,0.8031496062992126
361,0.7165354330708661
362,0.7244094488188977
363,0.6692913385826772
364,0.6692913385826772
365,0.6141732283464567
366,0.6771653543307087
367,0.7480314960629921
368,0.7007874015748031
369,0.7795275590551181
370,0.7322834645669292
371,0.6929133858267716
372,0.7244094488188977
373,0.7401574803149606
374,0.7165354330708661
375,0.7007874015748031
376,0.7007874015748031
377,0.8110236220472441
378,0.7165354330708661
379,0.6692913385826772
380,0.7244094488188977
381,0.7244094488188977
382,0.7637795275590551
383,0.7244094488188977
384,0.7637795275590551
385,0.7165354330708661
386,0.7086614173228346
387,0.7637795275590551
388,0.7007874015748031
389,0.7480314960629921
390,0.6771653543307087
391,0.6929133858267716
392,0.7401574803149606
393,0.7559055118110236
394,0.7086614173228346
395,0.6771653543307087
396,0.7007874015748031
397,0.7165354330708661
398,0.7637795275590551
399,0.7559055118110236
400,0.6456692913385826
401,0.7559055118110236
402,0.7007874015748031
403,0.7637795275590551
404,0.7401574803149606
405,0.6929133858267716
406,0.7244094488188977
407,0.7795275590551181
408,0.7559055118110236
409,0.7244094488188977
410,0.7480314960629921
411,0.7007874015748031
412,0.7637795275590551
413,0.7322834645669292
414,0.7322834645669292
415,0.7086614173228346
416,0.7322834645669292
417,0.6771653543307087
418,0.7244094488188977
419,0.6771653543307087
420,0.7401574803149606
421,0.7086614173228346
422,0.6850393700787402
423,0.6850393700787402
424,0.7795275590551181
425,0.6929133858267716
426,0.7086614173228346
427,0.6692913385826772
428,0.7244094488188977
429,0.6850393700787402
430,0.7795275590551181
431,0.7637795275590551
432,0.6850393700787402
433,0.7952755905511811
434,0.7716535433070866
435,0.7007874015748031
436,0.7637795275590551
437,0.8031496062992126
438,0.7086614173228346
439,0.7401574803149606
440,0.7086614173228346
441,0.8188976377952756
442,0.6692913385826772
443,0.7559055118110236
444,0.7007874015748031
445,0.7165354330708661
446,0.7244094488188977
447,0.7401574803149606
448,0.6929133858267716
449,0.7165354330708661
450,0.6614173228346457
451,0.6929133858267716
452,0.7244094488188977
453,0.7480314960629921
454,0.7716535433070866
455,0.7086614173228346
456,0.7559055118110236
457,0.7086614173228346
458,0.7165354330708661
459,0.7165354330708661
460,0.7716535433070866
461,0.7322834645669292
462,0.7244094488188977
463,0.6299212598425197
464,0.7401574803149606
465,0.6614173228346457
466,0.7795275590551181
467,0.6692913385826772
468,0.7952755905511811
469,0.7165354330708661
470,0.7086614173228346
471,0.8110236220472441
472,0.7007874015748031
473,0.6692913385826772
474,0.7401574803149606
475,0.6929133858267716
476,0.8031496062992126
477,0.7401574803149606
478,0.7795275590551181
479,0.7716535433070866
480,0.7244094488188977
481,0.7244094488188977
482,0.7559055118110236
483,0.7322834645669292
484,0.7637795275590551
485,0.7795275590551181
486,0.7637795275590551
487,0.7165354330708661
488,0.7716535433070866
489,0.6141732283464567
490,0.7244094488188977
491,0.7086614173228346
492,0.7559055118110236
493,0.7007874015748031
494,0.7559055118110236
495,0.7086614173228346
496,0.7322834645669292
497,0.7637795275590551
498,0.7401574803149606
499,0.7322834645669292
