,0
0,0.7093596473517734
1,0.8099693788276465
2,0.7846738652157044
3,0.741236148121334
4,0.7922853729724727
5,0.7624296678676215
6,0.7992040541592537
7,0.71796714315611
8,0.7356334485807227
9,0.812867161258107
10,0.7808827515271978
11,0.7014497296281865
12,0.6713223347081616
13,0.7161874818340916
14,0.6876143077659894
15,0.728254513398591
16,0.7384414267389053
17,0.6526382617805953
18,0.6825187318609908
19,0.7117131481329284
20,0.7343506612720967
21,0.6699458069687897
22,0.710341912344713
23,0.7360859798319735
24,0.6457850504342694
25,0.7606502413004826
26,0.6906642143448142
27,0.7446308322167534
28,0.7173718669781662
29,0.7820295504536587
30,0.7228031707707018
31,0.7182594734486302
32,0.7102997154799889
33,0.746919995324471
34,0.6805069656141965
35,0.6928169548663353
36,0.6991016261642179
37,0.7529185979866829
38,0.6816426738255321
39,0.6742490522018082
40,0.7240378302514557
41,0.7351283226223975
42,0.6158200564934205
43,0.7539294377833878
44,0.6580632135623246
45,0.6596162671989738
46,0.7244182602410537
47,0.7687327316458828
48,0.6841413942219656
49,0.6791316391600944
50,0.6972349610144886
51,0.7341195367865554
52,0.7337207849018874
53,0.6746647477888792
54,0.6786606219677086
55,0.7356567002745966
56,0.7507727778039102
57,0.6986710871667356
58,0.7478588825045517
59,0.7425470854604712
60,0.7705697192678348
61,0.7421557391271489
62,0.7035719391868561
63,0.7690822146301322
64,0.7528384615949101
65,0.6879034656557969
66,0.7795048506939718
67,0.6743717357107976
68,0.698514673343868
69,0.7171898762357103
70,0.7161164795920978
71,0.7845985091329098
72,0.7298417269749253
73,0.7466811360118447
74,0.7642352904427687
75,0.7787900930988279
76,0.7751318819013505
77,0.7652145324648388
78,0.7083881576481982
79,0.7399256350155505
80,0.7611483882946963
81,0.7846826287842822
82,0.7953271543027565
83,0.7472679493820797
84,0.6884979090532344
85,0.711191947557408
86,0.7528736643611676
87,0.7231974431946375
88,0.7625845843873785
89,0.722627463826673
90,0.742483604144934
91,0.7390202917091844
92,0.6711943059855785
93,0.76725863812478
94,0.7175040723754014
95,0.6519662353632514
96,0.7760735970069085
97,0.6779919222198684
98,0.8224518329113463
99,0.7262676483857232
100,0.7786089238845144
101,0.7211219493596133
102,0.767595502209223
103,0.7849075858051741
104,0.761662029583961
105,0.6983774235086839
106,0.7633203677823102
107,0.7623597435453077
108,0.7893528652921026
109,0.7577229733075819
110,0.8322116432010304
111,0.7331556216048853
112,0.6425866727133417
113,0.6959531279688781
114,0.6848110845149379
115,0.7458793106327296
116,0.7804557559140823
117,0.6941065660061723
118,0.7089827318822224
119,0.699101757017215
120,0.6828295555536111
121,0.685712496988601
122,0.7507508389809483
123,0.7184008248968878
124,0.7590053280497695
125,0.7862688112602526
126,0.6975929246733054
127,0.7261211913728175
128,0.7137344105351316
129,0.7690033739018164
130,0.7712115804801509
131,0.698187487329634
132,0.7253003053476478
133,0.7003075818731214
134,0.7047806765933755
135,0.6999468473034276
136,0.7137485087091388
137,0.7497284173291584
138,0.7326239442506826
139,0.7417177330445635
140,0.7695296311645256
141,0.7256828190593823
142,0.7339202586307728
143,0.7516791592273535
144,0.7936809173323001
145,0.7016323185846113
146,0.7791122630355578
147,0.7846534189140019
148,0.7281019507897929
149,0.7126494906926042
150,0.7078784176023258
151,0.7228536192012143
152,0.7243606517270447
153,0.7226531949963935
154,0.7301287850407803
155,0.7110963462739305
156,0.6985395389932695
157,0.7489356087574074
158,0.765084582843192
159,0.7248095535750777
160,0.7808540093815505
161,0.7049612124149497
162,0.6296840574625524
163,0.7296910101659568
164,0.7592735648767766
165,0.7211572372293437
166,0.7228277969371173
167,0.7530862022690251
168,0.7582951352264767
169,0.7255697136985526
170,0.7155293525372266
171,0.7314378806097513
172,0.7047866391031122
173,0.6791834289572605
174,0.7299141719396368
175,0.7721758464402476
176,0.6904761904761905
177,0.7319062343927657
178,0.6731639519692882
179,0.7596871194939004
180,0.7305675897095935
181,0.6743222917818386
182,0.7217131977777752
183,0.6844625286336539
184,0.7708856104525396
185,0.7268644326435939
186,0.7298731473766971
187,0.6246308220760332
188,0.7581774052436993
189,0.730155355352975
190,0.7181575436554595
191,0.7152397182425209
192,0.6731389992928153
193,0.6865587085297525
194,0.7411389752751496
195,0.7009586359605203
196,0.7883751340562304
197,0.7507625735972193
198,0.7446077211191319
199,0.7445954976039659
200,0.7378569614282087
201,0.7012373453318336
202,0.7552970882884121
203,0.7635396117580385
204,0.7171809512238364
205,0.8036026294559834
206,0.6782601947023827
207,0.7750899871955019
208,0.6999343566959056
209,0.7088070045186413
210,0.6986035520649986
211,0.7816417640630688
212,0.6073785804916975
213,0.7915713813669756
214,0.6804652827487473
215,0.7438945917543672
216,0.7463381677092734
217,0.7262576512750029
218,0.8014810152895945
219,0.7689999459616621
220,0.7094998896308073
221,0.7774291496295411
222,0.7508395243809911
223,0.7159982423791019
224,0.7246684338587028
225,0.6993617079458739
226,0.6594345908836377
227,0.7839478981211265
228,0.7092708239056325
229,0.7329783103063009
230,0.7917861746119063
231,0.7273167777104785
232,0.669771710908642
233,0.7062178974616126
234,0.6856468128089837
235,0.7180337512158808
236,0.7182493000104534
237,0.6689037078809058
238,0.6971428763220454
239,0.8003219477261917
240,0.7189765786498438
241,0.787895299933492
242,0.6846519476440736
243,0.7365987928120793
244,0.7400052934559652
245,0.7861719274473219
246,0.6880744138957552
247,0.6627987291062302
248,0.7278570227783986
249,0.7383985588844114
250,0.6805982585510144
251,0.7315916850106655
252,0.7039797607848095
253,0.7158331655884389
254,0.8172614839553725
255,0.7771200811125184
256,0.7460485015865205
257,0.7871068973713007
258,0.7964478748456839
259,0.7561148549268542
260,0.6898551300255185
261,0.7404339601361736
262,0.7767065034132167
263,0.671252110435348
264,0.6605034224655972
265,0.7807308401485845
266,0.863561356164801
267,0.7677665944614078
268,0.7036244147928108
269,0.7921341026209978
270,0.8471077385818576
271,0.7006160688247302
272,0.7528480218670951
273,0.7382965364623539
274,0.7033353227328025
275,0.6805031727916515
276,0.7703377538334024
277,0.7430761944230656
278,0.6799073762357847
279,0.7109545326767933
280,0.6877603572749282
281,0.6923592580002332
282,0.6874327733613412
283,0.7006956805451086
284,0.7332211452920109
285,0.7563153584592184
286,0.7638275054327887
287,0.7085647991981419
288,0.7247638916930256
289,0.7365284864416534
290,0.7508226248951957
291,0.6560133750404487
292,0.7257768453811884
293,0.6800784268569244
294,0.7925386398808368
295,0.794444539802573
296,0.7132307435768589
297,0.7451898990971313
298,0.7386993890107999
299,0.7247879368443025
300,0.7876113363188092
301,0.6827659761881628
302,0.6639369563340666
303,0.7830620205144928
304,0.7172100759266289
305,0.7294794092185091
306,0.8056205179655344
307,0.6953047338577354
308,0.7735639194600894
309,0.6786612212574558
310,0.7389303288182782
311,0.7298743642251637
312,0.7161561535577284
313,0.6318155882688578
314,0.7382894251745916
315,0.6551599248623334
316,0.7477159784895128
317,0.7047272937036716
318,0.7348955990466761
319,0.7402617203348967
320,0.7558305211848518
321,0.7153415670239862
322,0.7676866478646691
323,0.7069669615939468
324,0.7048392989337872
325,0.7929113536476559
326,0.7972351818808512
327,0.6635020622422197
328,0.7460715793499356
329,0.710714951314226
330,0.6015399896536997
331,0.8099100149213213
332,0.7687423068628786
333,0.7658880437838168
334,0.7489725369694642
335,0.6722449259798088
336,0.7316334445952686
337,0.7501875736811822
338,0.6515226894171281
339,0.7116429171390694
340,0.6885892091542856
341,0.6997946934954808
342,0.6561788575011785
343,0.7133958671457696
344,0.7069817187235751
345,0.7082140300644237
346,0.6999488741068371
347,0.732102430058033
348,0.7939793989023047
349,0.6808558747528508
350,0.7075268692337956
351,0.6781940922638908
352,0.7321476331295693
353,0.73104002353924
354,0.7367091934021066
355,0.7226398615512402
356,0.6467887117687041
357,0.7912179081063143
358,0.7516529135302342
359,0.7415922591015837
360,0.8039627992895259
361,0.7108916326977855
362,0.719932439589445
363,0.6860339466404827
364,0.6498674696295375
365,0.611380988246992
366,0.6887554052511374
367,0.7443407566584256
368,0.7071236149218524
369,0.7808531263344539
370,0.7175442630110795
371,0.6942412316645704
372,0.7236153324473851
373,0.7412226278368012
374,0.7186769443510689
375,0.7074727105556056
376,0.7012390429700893
377,0.8045969175483157
378,0.7124509671301977
379,0.6699461071129342
380,0.715823753137101
381,0.7272743003643533
382,0.7655310943274947
383,0.7112417946116495
384,0.7556415621227354
385,0.7142937309130432
386,0.7096986866806735
387,0.7472158397977378
388,0.7093799532239203
389,0.7475625705120547
390,0.6760857916348794
391,0.6962970612280023
392,0.7529273512764761
393,0.7584646321064031
394,0.7155948020621715
395,0.6720161496678402
396,0.6923352817480508
397,0.7046801599521061
398,0.7634063029355375
399,0.7536609193916577
400,0.6512570735631893
401,0.7417412349148057
402,0.6947159331193807
403,0.7605355804316523
404,0.7377761502170952
405,0.6806233966516898
406,0.7242276100614613
407,0.7651395609798668
408,0.7674517704013947
409,0.7162776180823748
410,0.7592465251614301
411,0.6933831073313637
412,0.7676195154744296
413,0.7081750263859047
414,0.7347950693656118
415,0.7264912398770667
416,0.7261291069543537
417,0.6906878271035568
418,0.717074181516784
419,0.6849526614686916
420,0.7420322459692539
421,0.7020672087935853
422,0.6763593227281195
423,0.6795986933711423
424,0.7777410791585108
425,0.6971723079796353
426,0.7059570139939404
427,0.6558662684189095
428,0.7147349540793567
429,0.67283341500471
430,0.7625655329502213
431,0.7579665780961208
432,0.6825322192143909
433,0.7937229673573645
434,0.7626591266314574
435,0.6986761887178746
436,0.7679125183978869
437,0.7821946612461023
438,0.7213246001668189
439,0.7428396197235277
440,0.6973456346788253
441,0.8185167167041377
442,0.6567857102042215
443,0.7577361653322746
444,0.6953300442249059
445,0.7093029331700127
446,0.7217615454347018
447,0.7466192504151765
448,0.681242689813027
449,0.7059154014895935
450,0.6648021782423088
451,0.6811797556601996
452,0.7136667403544381
453,0.7508159438661498
454,0.7699803917187353
455,0.7020432709177498
456,0.7544873472933827
457,0.7040004482198345
458,0.7169630348861658
459,0.7170289562508575
460,0.770482733775925
461,0.7239578427080852
462,0.73618762985241
463,0.6373161885640198
464,0.7346747510219758
465,0.6502766699617093
466,0.7710667201452817
467,0.6659656826423948
468,0.7989832456509947
469,0.7131558509762018
470,0.6864744899845268
471,0.8172641363780693
472,0.703800913774667
473,0.6648177075031613
474,0.7555807086614172
475,0.6834983791277297
476,0.7969421161064545
477,0.7421058414209851
478,0.7812782258492993
479,0.7768689207966651
480,0.7244174692067236
481,0.7187165528294052
482,0.7653025896239231
483,0.735828466177131
484,0.767654903460954
485,0.7844377862113122
486,0.7635322387930479
487,0.7112352525220325
488,0.7696922500072105
489,0.6116125480444974
490,0.7102739076419795
491,0.7080548190119
492,0.758753663749591
493,0.6952172505512924
494,0.7606193622348931
495,0.7119121422039439
496,0.7326649238855778
497,0.7637281847815638
498,0.7260184904605363
499,0.7412260967379076
