,0
0,0.6089887036169224
1,0.7429833917353584
2,0.7211376230776981
3,0.6352174099443099
4,0.7213956236799342
5,0.6806986303171216
6,0.7228563542348796
7,0.6342892772325825
8,0.6621989686157396
9,0.746118997973032
10,0.6850857359023853
11,0.5959048221634058
12,0.5648665879563254
13,0.6091268748980182
14,0.609352185720597
15,0.6247231596700387
16,0.6443159725300717
17,0.5510637651160665
18,0.5664072515419626
19,0.6022994509028532
20,0.659153022419286
21,0.5531819517564088
22,0.6312704791275664
23,0.6415850536919545
24,0.5682057534298756
25,0.6935064971881932
26,0.5575176502968198
27,0.6575388473224769
28,0.6201125553802513
29,0.710107405934467
30,0.6223304807913069
31,0.6407647243845734
32,0.631374298418772
33,0.6547619537140204
34,0.5896157585660994
35,0.5917041941100889
36,0.601759357503523
37,0.6840305093629154
38,0.5795080308360959
39,0.6001704636251768
40,0.6393415646052335
41,0.6390697945400514
42,0.5492059227339687
43,0.676199670049999
44,0.5756914612466313
45,0.5678780480282486
46,0.6576934741935354
47,0.6878826124984463
48,0.5967502894847537
49,0.5715699853087356
50,0.6200833019393067
51,0.6605687418685809
52,0.6681741934049459
53,0.5573770569787596
54,0.5810291967776358
55,0.6642221978924808
56,0.6417485995310156
57,0.5920896436993628
58,0.6770101744631536
59,0.645982343746738
60,0.6661739231410407
61,0.6444410082055311
62,0.6204839303236911
63,0.6424081212646664
64,0.6446491339873743
65,0.5980365614713213
66,0.7229578980692575
67,0.5714173833594296
68,0.6054608577398318
69,0.6339220444988583
70,0.6198906426743279
71,0.7074581106627389
72,0.6284968338100894
73,0.6583759658777715
74,0.6821468724061025
75,0.7231545884683214
76,0.6962121897217904
77,0.6857937111916617
78,0.6326378987261294
79,0.6377633048791017
80,0.6814690451439323
81,0.7103064971029321
82,0.7253802384730095
83,0.6482770721216781
84,0.5949432190408201
85,0.6087599789228205
86,0.6714844837459716
87,0.6555135910787354
88,0.6756287596906153
89,0.6517806997630604
90,0.653612842238131
91,0.6426424008133989
92,0.5885013310627512
93,0.6880926791930114
94,0.6249480456964653
95,0.5628316542171994
96,0.7205970906025755
97,0.5777171914772461
98,0.749718048191436
99,0.6402741618833432
100,0.706875053979238
101,0.6310912304322658
102,0.6878597489855448
103,0.7013057396830279
104,0.7033835912105686
105,0.6141865361245141
106,0.6946889558209889
107,0.6726481656647364
108,0.7336827859010889
109,0.6737008481787097
110,0.753921279289407
111,0.6486630521441792
112,0.5578066139524471
113,0.5952574500407389
114,0.5526318431479558
115,0.6479138852773053
116,0.7186869292019314
117,0.6056709051651695
118,0.629632289691161
119,0.5872713518790803
120,0.5883291706533517
121,0.5723911000132548
122,0.6679439070138855
123,0.6040448182153718
124,0.664593240684731
125,0.7177074118899792
126,0.604731549408
127,0.6602179579330528
128,0.6327182682437819
129,0.7030303405863656
130,0.6949347714937557
131,0.6079236331058886
132,0.6260317241127159
133,0.6172359665778406
134,0.6044158251529907
135,0.6158931434194368
136,0.6194556354137918
137,0.6616349105049701
138,0.6481500464870532
139,0.6609396302733801
140,0.6931668044325175
141,0.6377608468565362
142,0.618875623749421
143,0.6703130206999527
144,0.7320229164574078
145,0.5978240481000077
146,0.7074425613793992
147,0.7259268707194091
148,0.6330464919074074
149,0.6051327489033422
150,0.6096402706499603
151,0.6225877639671038
152,0.6366202776501294
153,0.6234289148337259
154,0.6129581109424296
155,0.6154437802845457
156,0.5767625705650964
157,0.6425029421668421
158,0.6785916554293722
159,0.6528167302466885
160,0.6990261750953224
161,0.6054550096963747
162,0.5168586585792921
163,0.6461025113730671
164,0.6776591525855854
165,0.6021894829832626
166,0.6381974005303095
167,0.6681921138209101
168,0.6784184815309277
169,0.6399789552889531
170,0.6262298093151067
171,0.6200180297235814
172,0.6191471543092338
173,0.562398761811064
174,0.667719324472372
175,0.683859663154576
176,0.5880933827046498
177,0.6541311522455634
178,0.5698849724183822
179,0.6640137535581611
180,0.6306734392921514
181,0.6060199342402159
182,0.6292892218007471
183,0.5995837711261465
184,0.6899122314120263
185,0.6407666961344891
186,0.6290226698246209
187,0.5360852014485689
188,0.6849232331092001
189,0.6467577442644444
190,0.615043427687641
191,0.6143300061974722
192,0.5773234838107892
193,0.5802187243347375
194,0.655630881623078
195,0.6103245630846442
196,0.7300508986900986
197,0.6655627515271719
198,0.6475217327606406
199,0.6659901555760138
200,0.6415332092671829
201,0.5944500788948476
202,0.6773141282351329
203,0.6863246985521786
204,0.6347525608427943
205,0.7407771956749449
206,0.5721928090921506
207,0.6837100105764168
208,0.5905605071261875
209,0.6161099133770196
210,0.5981531546453357
211,0.6875124536329297
212,0.4888000630974755
213,0.7108889007161696
214,0.5846013060557633
215,0.667024863579778
216,0.6731221865152406
217,0.6349647416406055
218,0.7200905371730572
219,0.704951862636148
220,0.6100496405205917
221,0.7084075680542593
222,0.6762437453083452
223,0.6544814119015562
224,0.6582011900467365
225,0.5949567841036772
226,0.5347782104654166
227,0.7102386429953537
228,0.6061643757499942
229,0.6360385486707083
230,0.7206946515458257
231,0.6369863996089495
232,0.5651606576784161
233,0.6313615670457449
234,0.5981292259239946
235,0.6188326467115934
236,0.6252411490166349
237,0.5628176974071979
238,0.5886881566559871
239,0.7180539872595562
240,0.5983433129227792
241,0.7137198449381486
242,0.5644267068598182
243,0.6321417809971676
244,0.6654486484733484
245,0.7153896209533106
246,0.5826099200448577
247,0.5613482262162126
248,0.6401073985514475
249,0.6535328305833171
250,0.5588656914113257
251,0.6512485649521703
252,0.6208310502398443
253,0.6252795515527029
254,0.7463788902255921
255,0.6911461482088918
256,0.6768214423253143
257,0.7142307829186545
258,0.7098023223903496
259,0.6678471926780002
260,0.5952129318538087
261,0.6511000069743641
262,0.7027086607689409
263,0.5591021308927641
264,0.5768452723048363
265,0.7176924153473283
266,0.8205197431257956
267,0.6814375011968231
268,0.6341483498793279
269,0.7171733590362434
270,0.7855328109976357
271,0.6171599356665874
272,0.670217630295452
273,0.6615926008686469
274,0.629747777641261
275,0.6068623343226315
276,0.6955083528829799
277,0.6402004688314179
278,0.5954749501120236
279,0.6399568601060658
280,0.5914402085499676
281,0.6046821395562175
282,0.5939320673643977
283,0.6211413449426534
284,0.631041823332904
285,0.663845914272235
286,0.6824336797373589
287,0.6218143491941479
288,0.6343576661610122
289,0.6528679881108385
290,0.6714135341422202
291,0.5318926367711851
292,0.6335457664737996
293,0.5893755516954247
294,0.7353766265766694
295,0.7314060571951438
296,0.6355591906808298
297,0.6725619095263399
298,0.6524599963630296
299,0.6196027494073445
300,0.7169104324791788
301,0.5861399575480217
302,0.5631859070540656
303,0.6924776867284527
304,0.632529064300727
305,0.6461455682634203
306,0.7272256890304065
307,0.6058679931665205
308,0.6982831878799656
309,0.5714357525098911
310,0.6585244610839068
311,0.6404645793216827
312,0.6366304342773716
313,0.5109155964842593
314,0.6573423649397877
315,0.5462377146711431
316,0.6609960318033058
317,0.604560888705993
318,0.6724069934025384
319,0.6484081691378877
320,0.6541533620623053
321,0.6233730796809549
322,0.6705708933158039
323,0.6175477377090006
324,0.6024126969976311
325,0.7327681936337525
326,0.6944264935228323
327,0.5475328150720714
328,0.6564544208845852
329,0.6351460203929012
330,0.5056882417771559
331,0.7532810890963781
332,0.7035084426896302
333,0.6805907502549612
334,0.6636320417335304
335,0.5915004670240379
336,0.6302760302552498
337,0.6702658621861098
338,0.5365830167415465
339,0.6360041937307607
340,0.5920662510201681
341,0.619129463587123
342,0.5736569470723637
343,0.6214827917666357
344,0.6190517622800076
345,0.6038772242487601
346,0.5982846261601267
347,0.6437302491389424
348,0.7400250036310332
349,0.562413106557256
350,0.6160104573186853
351,0.5685721020376654
352,0.6389095939046371
353,0.6464861528920532
354,0.6517378579081063
355,0.5914696210804867
356,0.5731205399256526
357,0.7189202883706329
358,0.6708323449664013
359,0.6622081373305788
360,0.7349846270347413
361,0.6295402215250283
362,0.6267721037839785
363,0.5390000845471437
364,0.5536414534437963
365,0.50020460722939
366,0.5640125975594541
367,0.6701716125982515
368,0.6104378355993906
369,0.6990706072557039
370,0.6325733593497889
371,0.5966553916302406
372,0.6261406744095178
373,0.6556069680884374
374,0.6155347484321343
375,0.6081361866971337
376,0.616480618694782
377,0.7471634034097516
378,0.6246509217594524
379,0.566610817198285
380,0.6361253889622756
381,0.6380303464891347
382,0.6751946400207495
383,0.6324426946456645
384,0.6840496925352219
385,0.617625449689744
386,0.6244881856813548
387,0.6833531876045095
388,0.6219675869449409
389,0.6789286739846069
390,0.5947902930876392
391,0.5919848377235579
392,0.6409560310648874
393,0.6791038373475135
394,0.6002851460603577
395,0.5744097140884908
396,0.6106792721644871
397,0.6335033548440164
398,0.6750045193141668
399,0.6730277734448863
400,0.5347713805719732
401,0.6733096504594183
402,0.5819010779776798
403,0.6880945411723881
404,0.645136728802206
405,0.6048222280625595
406,0.6384852173851969
407,0.7036863481042775
408,0.6456585859325062
409,0.6173673834870622
410,0.663108531455634
411,0.5959922414578839
412,0.6823023871963781
413,0.6472534093496963
414,0.6486979192748079
415,0.6077394068341152
416,0.6484266237967112
417,0.5737612651455181
418,0.6250845265181042
419,0.5797566858773607
420,0.637159740067191
421,0.6027067249837177
422,0.596223537454511
423,0.5846293838873673
424,0.7074780423290152
425,0.6003464422560923
426,0.6265766340987556
427,0.5659271095331079
428,0.6376255073627065
429,0.5963592492460189
430,0.6983998838594971
431,0.6946153421222804
432,0.5635270897323584
433,0.7190227673902252
434,0.6864393154400275
435,0.6022466911904845
436,0.6904145231715382
437,0.7472358616009923
438,0.628195011720169
439,0.6594405862470911
440,0.6169679477961999
441,0.7549755131864179
442,0.5541934212679392
443,0.6680464631839719
444,0.6008545781174335
445,0.6242775046615935
446,0.6342944973363133
447,0.6566401287219021
448,0.5933964434573976
449,0.625129717564355
450,0.5608640011982318
451,0.5980054349547147
452,0.6301890328545056
453,0.6567391651931684
454,0.6871377775980478
455,0.6194402165730215
456,0.6796954269488051
457,0.6030577910104087
458,0.6199859300944388
459,0.6254169002184284
460,0.7072452580527993
461,0.6296666428718269
462,0.6318239526240786
463,0.5227922250699207
464,0.6531718721201156
465,0.5475490072199852
466,0.698812596710561
467,0.5637528266011196
468,0.7270691137762015
469,0.630736934859599
470,0.6189850056933047
471,0.7392318260234934
472,0.615861527868927
473,0.5668126702107972
474,0.6504917823499531
475,0.5958013730651945
476,0.7395732035591621
477,0.6580442316443771
478,0.7007005648972803
479,0.6856011780202063
480,0.6374895834174354
481,0.6301997731076856
482,0.6662493425160304
483,0.6378330100758388
484,0.6905243941597305
485,0.7011719121457123
486,0.6796398954385957
487,0.6119036673143663
488,0.694559503837262
489,0.4829152570580983
490,0.6395178260996005
491,0.6153728800327849
492,0.6613280260260099
493,0.5990040125176593
494,0.6791474289775844
495,0.6054710313157451
496,0.6463647630388186
497,0.6739785996266711
498,0.6572311434761307
499,0.6331884783769918
