,0
0,2
1,1
2,3
3,2
4,2
5,2
6,4
7,3
8,2
9,2
10,1
11,3
12,3
13,3
14,5
15,3
16,4
17,1
18,2
19,3
20,2
21,2
22,2
23,3
24,3
25,2
26,3
27,2
28,3
29,2
30,2
31,6
32,1
33,5
34,2
35,1
36,1
37,1
38,2
39,2
40,3
41,4
42,2
43,1
44,3
45,2
46,2
47,2
48,1
49,3
50,1
51,2
52,5
53,3
54,3
55,1
56,3
57,1
58,1
59,2
60,5
61,3
62,6
63,2
64,3
65,2
66,3
67,4
68,2
69,2
70,3
71,3
72,3
73,3
74,2
75,1
76,3
77,1
78,3
79,2
80,3
81,6
82,1
83,1
84,1
85,3
86,3
87,2
88,2
89,3
90,2
91,5
92,1
93,4
94,1
95,1
96,2
97,1
98,1
99,2
100,2
101,2
102,2
103,2
104,3
105,2
106,1
107,2
108,3
109,2
110,1
111,2
112,2
113,2
114,2
115,3
116,3
117,2
118,2
119,2
120,2
121,3
122,3
123,2
124,3
125,2
126,2
127,1
128,2
129,1
130,3
131,6
132,2
133,2
134,2
135,3
136,2
137,1
138,2
139,1
140,1
141,4
142,3
143,2
144,2
145,3
146,2
147,1
148,2
149,2
150,3
151,1
152,5
153,1
154,5
155,3
156,1
157,1
158,3
159,2
160,1
161,3
162,2
163,2
164,2
165,1
166,2
167,3
168,2
169,3
170,1
171,2
172,2
173,2
174,2
175,1
176,2
177,1
178,3
179,2
180,1
181,2
182,4
183,3
184,1
185,1
186,2
187,1
